LENGTE ROOSTER: 40
AANTAL PLAATSEN BEZET: 8

MIN: 4		23 24 25 26 27 28 29 30 31 34 
MIN: 3		31 32 33 34 
MIN: 5		21 22 23 24 28 29 30 31 32 35 36 37 
MIN: 2		37 38 39 40 
MIN: 3		28 29 39 40 

------------------------------------------------------------------------
tabblad Opdracht:
x	PETER			8	1

------------------------------------------------------------------------
tabblad Spreiding:
x	PETER					1	UL3_M1
x	PETER					1	UL8_M1
x	PETER					2	UL10_M2
x	PETER					3	UL16_M3
x	PETER					3	UL19_M3
x	PETER					2	UL20_M2
x	PETER					3	UL21_M3
x	PETER					2	UL22_M2
x	PETER					2	UL24_M2
x	PETER					4	UL26_M4
x	PETER					5	UL27_M5
x	PETER					3	UL28_M3
x	PETER					6	UL29_M6
x	PETER					5	UL30_M5

------------------------------------------------------------------------
tabblad Week:
UL3_M1		1 2 3 4 5 6 7 8 9 10 11 12 13 14 15 16 17 18 19 20 21 22 35 36 
UL8_M1		1 2 3 4 5 6 7 8 9 10 11 12 13 14 15 16 17 18 19 20 25 26 27 38 
UL10_M2		1 2 3 4 5 6 7 8 9 10 11 12 13 14 15 16 17 18 19 20 21 22 32 33 35 36 
UL16_M3		1 2 3 4 5 6 7 8 9 10 11 12 13 14 15 16 17 18 19 20 21 22 35 36 37 38 39 40 
UL19_M3		1 2 3 4 5 6 7 8 9 10 11 12 13 14 15 16 17 18 19 20 21 22 32 33 35 36 37 38 
UL20_M2		1 2 3 4 5 6 7 8 9 10 11 12 13 14 15 16 17 18 19 20 25 26 27 38 39 40 
UL21_M3		1 2 3 4 5 6 7 8 9 10 11 12 13 14 15 16 17 18 19 20 21 22 23 24 25 26 27 28 29 30 35 36 
UL22_M2		1 2 3 4 5 6 7 8 9 10 11 12 13 14 15 16 17 18 19 20 21 22 23 24 25 26 27 30 35 36 37 38 
UL24_M2		1 2 3 4 5 6 7 8 9 10 11 12 13 14 15 16 17 18 19 20 25 26 27 33 34 38 
UL26_M4		1 2 3 4 5 6 7 8 9 10 11 12 13 14 15 16 17 18 19 20 21 22 32 33 35 36 37 38 39 40 
UL27_M5		1 2 3 4 5 6 7 8 9 10 11 12 13 14 15 16 17 18 19 20 21 22 23 24 25 26 27 28 29 30 35 36 37 38 39 40 
UL28_M3		1 2 3 4 5 6 7 8 9 10 11 12 13 14 15 16 17 18 19 20 25 26 27 33 34 38 39 40 
UL29_M6		1 2 3 4 5 6 7 8 9 10 11 12 13 14 15 16 17 18 19 20 21 22 23 24 25 26 27 28 29 30 31 32 33 34 35 36 
UL30_M5		1 2 3 4 5 6 7 8 9 10 11 12 13 14 15 16 17 18 19 20 21 22 23 24 25 26 27 30 31 32 33 34 35 36 37 38 

